City,State,percent change GDP,natural resources/mining,construction,durable-goods manufacturing,nondurable-goods manufacturing,trade,transportation/utilities,information,finance/insurance/real estate/rental/leasing,professional/business services,education/health care/social assistance,arts/entertainment/recreation/accommodation/food services,other services except government,government,*NOTE: (D) is hidden to protect confidential information
Abilene,TX,2.6,0.77,0.54,0.04,0.06,0.92,0.26,(D),-0.05,0.16,0.02,(D),-0.02,-0.29,
Akron,OH,-0.2,-0.09,-0.33,-0.09,0.1,0.37,-0.31,0.05,0.1,0.03,0.13,0.02,0,-0.13,
Albany,GA,0.9,0.57,0.37,0.04,-0.08,0.24,(D),(D),0.53,0.11,-0.15,0.03,(D),-0.66,
Albany,OR,0.5,0.55,0.44,-0.45,0.09,0.1,-0.31,-0.18,0.06,-0.16,0.44,-0.07,-0.02,0.02,
Albany-Schenectady-Troy,NY,1,(D),0.04,(D),(D),(D),(D),0.19,0.06,0,0.24,0.06,-0.05,-0.26,
Albuquerque,NM,-0.1,0.08,-0.17,(D),(D),0.02,0.09,-0.25,0.14,-0.12,0.1,0.1,-0.1,-0.04,
Alexandria,LA,-0.5,-0.08,0.26,(D),(D),-0.18,0.38,(D),-0.39,0.06,-1.24,(D),0.47,-0.78,
Allentown-Bethlehem-Easton,PA-NJ,1.4,0.05,(D),0.32,-1.21,(D),0.31,0.35,0.76,1.07,0.18,0.12,-0.06,0.02,
Altoona,PA,1.3,-0.06,-0.03,0.21,-0.89,0.12,0.66,0.24,0.5,0.23,0.37,-0.07,-0.04,0.03,
Amarillo,TX,3.2,2.06,(D),-0.34,0.62,(D),0.14,(D),-0.2,0.41,-0.03,(D),-0.01,0.01,
Ames,IA,3.2,0.94,0.21,0.1,0.51,0.55,0,0.12,0.21,0.34,0.07,0.01,-0.05,0.19,
Anchorage,AK,-3.2,-2.92,-0.05,0.01,0.02,(D),(D),0,-0.53,0.46,0.08,0.02,0.01,-0.36,
Ann Arbor,MI,0.7,0.03,-0.04,0.41,0.14,0.01,-0.07,0.21,0.16,0.4,0.18,0.1,-0.06,-0.81,
Anniston-Oxford-Jacksonville,AL,-3,0.05,-0.01,0.84,0.17,-1.7,-0.08,-0.09,0.36,-1.76,0.09,-0.04,-0.09,-0.69,
Appleton,WI,1.2,0.54,-0.99,0.42,0.53,0.48,-0.03,0.03,0.25,0.23,-0.22,0,0.12,-0.12,
Asheville,NC,3,0.27,-0.2,(D),(D),(D),(D),-0.02,0.36,0.3,0.76,0.33,-0.1,-0.05,
Athens-Clarke County,GA,0.2,0.13,-0.06,(D),(D),0.91,(D),(D),0.38,0.03,0.16,0.16,0,-0.52,
Atlanta-Sandy Springs-Roswell,GA,2,0.03,(D),(D),(D),(D),0.17,(D),0.4,0.25,0.3,0.08,0,-0.22,
Atlantic City-Hammonton,NJ,-0.8,(D),-0.39,-0.04,-0.06,(D),-0.16,0.14,-0.03,0.14,0.26,-0.49,0.15,-0.29,
Auburn-Opelika,AL,3.4,-0.03,-0.2,0.02,2.02,0.28,0.07,-0.02,0.96,0.22,-0.16,0.24,0.14,-0.15,
Augusta-Richmond County,GA-SC,-1.2,0.14,-0.67,0.02,(D),0.14,(D),-0.08,0.57,-0.7,-0.23,0.29,0.02,-0.71,
Austin-Round Rock,TX,2.2,-0.54,0.29,0.13,0.36,-0.19,-0.48,0.16,0.97,0.85,0.21,0.23,0.14,0.06,
Bakersfield,CA,1.2,-1.48,-0.15,-0.04,1.93,0.82,0.03,0.07,0.17,-0.13,-0.03,0.02,0.18,-0.22,
Baltimore-Columbia-Towson,MD,0.9,0.02,0.06,(D),(D),-0.06,-0.17,0.08,0.52,0.5,0.13,0.16,-0.06,-0.1,
Bangor,ME,0.1,-0.08,-0.11,-0.37,0.35,-0.24,0.31,-0.01,-0.6,0.24,0.69,0.12,0.02,-0.23,
Barnstable Town,MA,1,0.05,0.3,0.04,0.02,0.15,-0.07,0.06,-0.21,0.1,-0.01,0.27,0.19,0.16,
Baton Rouge,LA,6.5,(D),(D),(D),(D),(D),(D),(D),1.03,(D),-0.14,0.11,(D),-0.35,
Battle Creek,MI,1.4,0.2,-0.12,1.1,0.37,-0.75,-0.08,0.03,-0.11,0.58,0.44,0.11,0.19,-0.61,
Bay City,MI,2.3,0.79,0.12,-0.73,0.06,0.64,0.39,0.14,-0.1,0.87,0.41,-0.05,0.17,-0.42,
Beaumont-Port Arthur,TX,7.2,0.12,-1.54,-0.81,8.71,0.34,0.02,-0.03,0.16,-0.27,0.02,-0.09,0.58,0.02,
Beckley,WV,9.4,11.49,-0.47,-0.33,0.04,-0.18,-0.02,-0.16,-0.28,-0.36,-0.12,0.06,-0.06,-0.2,
Bellingham,WA,8.6,0.64,-0.4,-0.34,4.37,0.38,-0.16,1.34,2.37,0.26,-0.03,0.12,0.04,-0.04,
Bend-Redmond,OR,6.1,-0.04,0.72,0.73,0.29,0.67,-0.1,0.11,1.69,0.98,0.9,0.2,-0.02,-0.01,
Billings,MT,7.1,0.82,0.43,-0.01,4.52,0.6,0.13,0.06,0.75,-0.47,0.35,0,-0.01,-0.13,
Binghamton,NY,0.4,0.41,-0.26,(D),(D),-0.06,0.56,0.06,-0.06,0.28,-0.02,-0.01,-0.05,-0.22,
Birmingham-Hoover,AL,-0.8,-0.8,-0.21,0.35,0.53,(D),-0.17,-0.06,(D),-0.22,0.15,(D),0,-0.12,
Bismarck,ND,6.9,0.77,(D),0.35,0.95,0.91,(D),-0.01,0.88,1.01,(D),0.16,(D),0.54,
Blacksburg-Christiansburg-Radford,VA,-0.3,0,(D),(D),(D),(D),(D),0,0.04,0,0.09,(D),-0.07,0.2,
Bloomington,IL,4,1.01,0,0.08,-0.06,0.11,0.12,0.01,2.87,0.05,-0.24,0.03,0.05,-0.02,
Bloomington,IN,-0.5,-0.16,-0.14,(D),(D),-0.12,0.12,-0.17,0.02,-0.34,0.28,-0.01,-0.1,-0.27,
Bloomsburg-Berwick,PA,3.6,0.21,-0.2,0.24,0.58,-0.28,0.04,0.09,-0.32,2.12,1.04,0.04,-0.03,0.08,
Boise City,ID,4.7,0.24,0.47,(D),(D),1.18,(D),0.01,(D),-0.19,0.41,0.11,-0.01,0.01,
Boston-Cambridge-Newton,MA-NH,1.6,0.02,(D),-0.17,(D),0.17,-0.04,-0.07,0.63,0.51,0.12,0.05,0.05,0.09,
Boulder,CO,3.2,0.09,0.07,0.88,-0.01,0.41,0,-0.23,0.92,0.52,0.17,0.1,0.05,0.27,
Bowling Green,KY,3.2,0.43,(D),0.96,0.67,0.6,(D),0.07,-0.13,0.47,0.13,-0.04,-0.14,-0.05,
Bremerton-Silverdale,WA,-0.7,0.02,0.13,0.1,0.02,-0.03,0.04,0.19,0.12,-0.07,0.09,0.01,-0.11,-1.25,
Bridgeport-Stamford-Norwalk,CT,0.7,0.02,(D),0.05,-0.06,0.18,(D),0.67,-0.31,0.32,0.06,0.08,-0.03,-0.01,
Brownsville-Harlingen,TX,0.6,-0.09,-0.18,-0.27,-0.38,0.5,-0.47,-0.67,0.35,1.01,0.52,0.16,0.13,0,
Brunswick,GA,-1.2,0.05,-0.9,0.08,-2.42,1.25,(D),(D),0.63,0.69,-0.04,0.22,-0.14,-0.71,
Buffalo-Cheektowaga-Niagara Falls,NY,0.4,0.12,-0.17,-0.11,0.13,0.12,0.02,0.03,0.17,0.19,0.18,-0.09,-0.01,-0.21,
Burlington,NC,6.6,0.07,0.13,-0.56,0.5,0.34,2.41,0.2,-0.72,-0.04,4.18,0.12,0,0,
Burlington-South Burlington,VT,2.2,0.23,0.02,(D),(D),0.52,0,0.22,(D),0.23,0.34,0.12,-0.02,0.09,
California-Lexington,MD,-2,0.05,0.14,0,0.02,-0.02,-0.4,0.03,-0.52,-0.85,0.17,-0.02,-0.05,-0.57,
Canton-Massillon,OH,3.8,(D),0.65,-0.45,0.67,-0.63,0.72,(D),1.23,0.99,0.47,0.06,-0.09,-0.12,
Cape Coral-Fort,FL,3.4,0.16,0.35,0.14,0.01,0.88,0.13,0.08,0.57,0.19,0.46,0.4,0.09,-0.1,
Cape Girardeau,MO-IL,0.4,-0.13,-0.4,(D),(D),0.23,(D),(D),0.3,0.42,-0.17,0.6,-0.16,-0.05,
Carbondale-Marion,IL,-0.2,-2,-0.25,(D),(D),(D),(D),-0.05,0.61,0.09,1.08,-0.21,-0.1,-0.14,
Carson City,NV,0.2,-0.2,0.12,-0.23,0.19,0.06,0.04,-0.04,0.07,0.35,-0.2,0.06,0.05,-0.04,
Casper,WY,7.1,4.95,-0.25,-0.11,0.61,0.5,(D),-0.01,1.26,-0.03,(D),0.07,-0.28,-0.07,
Cedar Rapids,IA,1.2,(D),-0.17,0.11,0.14,0.29,-0.04,0.21,0.5,-0.18,(D),0.05,-0.03,0.04,
Chambersburg-Waynesboro,PA,2.3,1.27,-0.23,0.36,0.37,-0.05,1.13,-0.03,-0.18,-0.46,0.14,0.17,-0.17,-0.07,
Champaign-Urbana,IL,1.6,1.18,-0.22,(D),(D),0.19,0.07,0.25,-0.48,-0.05,(D),0.1,(D),-0.06,
Charleston,WV,1.9,3.63,-0.4,0.19,-0.49,(D),(D),(D),(D),-0.26,0.33,(D),-0.06,-0.05,
Charleston-North Charleston,SC,1.5,0.12,0.38,0.36,-0.25,(D),(D),0.07,0.61,0.05,-0.43,0.11,0.06,-0.04,
Charlotte-Concord-Gastonia,NC-SC,3.7,0.09,0.08,0.18,0.07,0.59,0.71,0.19,1.7,-0.15,0.08,0.05,0.06,0.01,
Charlottesville,VA,-0.7,(D),-0.28,(D),0.21,(D),-0.01,-0.01,-0.03,-0.07,0.05,-0.04,-0.05,0.16,
Chattanooga,TN-GA,-0.9,(D),-0.09,(D),(D),(D),0.24,0.03,-2.5,1.39,-0.01,(D),-0.04,-0.26,
Cheyenne,WY,2.7,(D),0.59,0.01,1.36,-0.5,-0.04,0.07,0.23,-0.02,-0.34,(D),0.2,-0.57,
Chicago-Naperville-Elgin,IL-IN-WI,1.3,0,-0.02,(D),(D),(D),0.04,0.01,0.2,0.3,0.12,0.04,-0.01,-0.06,
Chico,CA,4,(D),0.59,-0.14,0.37,0.01,0.24,0.32,0.61,0.21,(D),0.11,-0.29,-0.06,
Cincinnati,OH-KY-IN,2.1,0,(D),0.51,0.38,(D),-0.05,(D),1.13,(D),0.28,(D),(D),-0.12,
Clarksville,TN-KY,-2.7,(D),0.06,-1.5,0.26,0.05,(D),(D),-0.38,0.03,0.12,0.11,-0.21,-1.91,
Cleveland,TN,0,0.03,-0.4,-0.27,0.7,-0.03,-0.1,(D),-0.23,-0.02,0.16,0.09,(D),-0.09,
Cleveland-Elyria,OH,0.5,-0.06,0.05,-0.06,0.11,0.01,-0.01,0.02,0.27,0.01,0.29,0.09,-0.04,-0.15,
Coeurd'Alene,ID,3.4,0.88,0.16,0.27,0.21,0.63,0.15,0.06,-0.37,-0.01,1.05,0.23,-0.01,0.11,
College Station-Bryan,TX,3,-0.2,0.21,(D),(D),0.49,(D),-0.1,0.77,0.77,0.08,0.77,0.03,0.19,
Colorado Springs,CO,-0.2,(D),0.09,(D),0.08,0.28,-0.83,-0.27,0.66,0.69,0.2,0.09,-0.01,-0.19,
Columbia,MO,1.6,-0.02,0.13,-0.19,0.13,0.34,-0.02,0.24,0.73,0.32,0.1,0.07,-0.15,-0.09,
Columbia,SC,2,0.11,0.1,(D),(D),(D),0.49,0.16,(D),-0.2,-0.37,0.02,-0.06,0.06,
Columbus,GA-AL,-0.5,(D),0.07,(D),-0.24,(D),-0.16,(D),1.36,0.04,0.04,0,(D),-1.62,
Columbus,IN,-1.3,0.18,-0.08,-1.3,-0.31,0.55,-0.03,-0.02,-0.04,-0.4,0.17,0.02,0.04,-0.1,
Columbus,OH,3.3,(D),0.07,(D),(D),0.2,(D),0.32,1.7,0.27,0.25,0.1,-0.03,-0.17,
Corpus Christi,TX,6.3,-0.64,0.15,0.07,5.51,0.28,0.32,0.04,0.36,0.19,0.04,0.22,-0.06,-0.14,
Corvallis,OR,-0.3,0.21,-0.08,-0.11,-0.02,0.1,-0.17,-0.16,-0.15,-0.22,0.25,-0.05,0.1,0.03,
Crestview-Fort Walton Beach-Destin,FL,-0.8,-0.15,-0.3,(D),(D),0.01,0.05,-0.08,-0.48,0.35,0.5,0.22,-0.01,-1.16,
Cumberland,MD-WV,-1.2,0.08,-0.06,(D),(D),(D),(D),(D),(D),-0.2,0.01,0.6,-0.19,0.09,
Dallas-Fort Worth-Arlington,TX,2.1,-0.14,0.16,(D),(D),0.54,-0.09,0.18,(D),0.17,0.19,0.06,0.02,0,
Dalton,GA,1,(D),0.09,0.04,0.52,0.19,0.32,-0.04,0.32,-0.41,0.04,(D),-0.09,-0.17,
Danville,IL,-1,-0.23,-0.14,-0.93,-0.54,0.47,0.2,0,0.87,0.01,-0.31,-0.02,-0.21,-0.17,
Daphne-Fairhope-Foley,AL,4.1,-0.01,0.52,-0.45,0.03,0.44,0.67,-0.08,2.03,0,0.51,0.34,0.12,-0.08,
Davenport-Moline-Rock Island,IA-IL,1,0.17,-0.1,(D),(D),0.07,0.06,0.01,0.15,0.02,0.15,-0.09,-0.04,-0.12,
Dayton,OH,-0.9,(D),0.01,-0.31,-0.06,0.08,(D),-0.2,0.25,-0.37,0.14,-0.03,-0.05,-0.46,
Decatur,AL,0.6,0.73,-0.54,(D),(D),0.03,0.07,-0.01,-0.54,0.18,0,-0.01,-0.11,-0.1,
Decatur,IL,-1.5,0.44,-0.69,-2.45,2.55,-0.2,0.58,-0.06,-0.77,-0.48,-0.28,0.05,-0.2,-0.03,
Deltona-Daytona Beach-Ormond Beach,FL,0.7,0.24,0.43,0.59,0.07,0.08,0.02,-0.22,-0.22,-0.09,0.22,0.06,-0.34,-0.09,
Denver-Aurora-Lakewood,CO,4.3,2.1,0.25,0,0.17,(D),(D),0.21,0.8,-0.04,0.16,0.11,-0.02,0.19,
Des Moines-West Des Moines,IA,2.4,0.2,0.24,(D),(D),0.36,-0.16,(D),0.94,0.43,0.26,0.05,(D),0.03,
Detroit-Warren-Dearborn,MI,1.3,0,-0.07,0.39,0.14,0.12,0.18,0.12,0.32,0.23,0.13,0.02,0,-0.26,
Dothan,AL,1.7,0.2,-0.19,(D),(D),0.37,0.51,(D),1.23,-0.21,0.11,-0.04,(D),-0.11,
Dover,DE,1.2,(D),0.63,-0.63,(D),0.04,(D),0.01,0.63,0.3,0.52,-0.13,0.01,-0.29,
Dubuque,IA,-1.2,0.63,-0.52,-0.15,0.11,-0.09,0.16,-0.74,-0.21,-0.6,0.19,0,0.02,0.03,
Duluth,MN-WI,3.3,0.66,0.5,(D),(D),0.06,0,0.11,0.85,0.18,0.85,-0.01,0.29,-0.04,
Durham-Chapel Hill,NC,0.3,0.08,-0.04,-2.22,1,0.58,0.02,0.16,0.47,-0.38,0.6,0.08,0.01,-0.02,
EastStroudsburg,PA,-2.1,-0.07,-0.19,(D),(D),-0.04,-0.06,-0.32,-0.8,-0.08,-0.18,0.11,-0.08,-0.1,
Eau Claire,WI,0.3,0.85,-0.18,-0.47,0,0.42,0.17,0.04,-0.91,0.25,0.19,-0.02,0.12,-0.16,
El Centro,CA,1.9,1.68,0.4,(D),(D),0.51,0.25,0.12,0.43,-0.24,0.45,0.06,-1.01,-0.33,
Elizabethtown-Fort Knox,KY,0.4,(D),-0.15,0.24,0.57,-0.07,(D),0.46,0.39,0.03,-0.07,-0.06,-0.19,-1.49,
Elkhart-Goshen,IN,3.2,0.02,-0.52,1.84,-0.1,0.5,0.19,0,-0.26,1.41,0.21,0.04,-0.08,-0.07,
Elmira,NY,-2.7,-0.31,-0.21,-1.34,0.01,-0.13,-0.27,0.12,-0.08,-0.33,0.17,-0.26,0.07,-0.2,
El Paso,TX,0.5,0.15,-0.32,0.03,1.19,0.51,0.02,0.03,(D),-0.08,0.09,-0.01,-0.01,-0.58,
Erie,PA,0.2,0.25,-0.16,-0.7,0.01,-0.11,0.2,-0.16,1.02,-0.17,-0.08,0.03,0.02,0.04,
Eugene,OR,2.3,0.22,-0.14,0.69,0.23,0.53,0.12,0.23,0.07,0.05,0.17,0.13,-0.05,0.02,
Evansville,IN-KY,-1.4,(D),-0.41,(D),(D),(D),0.04,-0.1,0.25,0.03,0.25,-0.06,-0.05,-0.09,
Fairbanks,AK,-3.3,-0.42,-0.61,0.01,1.32,0.03,-2.23,-0.07,-0.29,(D),(D),0.05,-0.1,-1.04,
Fargo,ND-MN,3.2,-0.09,0.2,-0.13,0.07,0.78,0.04,0.01,1.16,0.47,0.32,0.11,0.05,0.21,
Farmington,NM,0.1,1.38,-0.41,-0.83,0.09,0.64,-0.12,(D),0.48,-0.04,-0.11,(D),-0.77,-0.02,
Fayetteville,NC,-1.9,-0.01,-0.05,0.09,0.41,0.06,0.05,(D),-0.17,-0.16,-0.15,-0.01,(D),-1.89,
Fayetteville-Springdale-Rogers,AR-MO,5.6,0.11,-0.07,(D),(D),0.68,0.1,(D),0.73,3.33,0.3,0.11,(D),-0.12,
Flagstaff,AZ,2.1,0.13,-0.26,(D),(D),0.45,-0.14,0.02,0.85,0.03,0.49,0.34,0.02,-0.31,
Flint,MI,1.3,0,0.02,-0.77,0.04,0.33,0.14,1.18,0.63,-0.26,0.29,0.24,-0.12,-0.4,
Florence,SC,3.2,0.05,0.18,(D),(D),0.25,0.92,-0.01,1.19,0.12,-0.5,0.04,0.47,0.18,
Florence-Muscle Shoals,AL,3.9,1.31,-0.03,2.07,0.32,0.17,-0.16,0.02,0.6,-0.28,0.13,0.01,-0.05,-0.26,
Fond du Lac,WI,2.4,1.39,0.1,0.35,0.6,0.42,-0.03,0.18,-0.9,0.04,0.3,0.01,0.07,-0.13,
Fort Collins,CO,2.9,0.19,0.14,0.46,0.25,0.42,0.19,-0.3,1.19,0.93,-1.18,0.15,0.07,0.36,
Fort Smith,AR-OK,1.8,(D),-0.23,(D),(D),0.1,0.15,0.17,0.07,(D),0.04,0.01,-0.07,-0.03,
Fort Wayne,IN,0.7,0,-0.18,0.66,0.33,0.12,(D),(D),0.89,-0.24,0.26,0.06,-0.06,-0.13,
Fresno,CA,3.4,2,0.1,-0.05,-0.17,0.3,0.27,0.37,0.15,0.18,0.59,0.01,-0.21,-0.14,
Gadsden,AL,-3.1,-0.11,-0.14,-0.38,-0.56,0.25,-0.07,0.01,-1.96,0.24,-0.2,-0.02,-0.06,-0.13,
Gainesville,FL,0.7,0.35,0.02,(D),(D),0.7,0.09,(D),-0.53,(D),0.16,0.06,0.01,-0.27,
Gainesville,GA,3.8,0.03,0.15,0.57,1.25,0.69,0.1,0.09,-0.11,0.24,0.41,0.78,-0.19,-0.19,
Gettysburg,PA,2.2,0.35,-0.15,0.12,-0.08,-0.25,0.24,0.21,0.56,0.59,0.39,0.32,-0.13,-0.01,
Glens Falls,NY,-3.1,0.17,-0.08,-1.95,-0.41,0.14,0.18,0.1,-0.13,-0.44,-0.5,0.07,-0.09,-0.2,
Goldsboro,NC,-0.3,-0.65,-1.83,-0.19,2.09,0.39,0.05,-0.08,0.28,-0.06,0.37,0,-0.06,-0.56,
Grand Forks,ND-MN,2.6,1.64,-0.11,0.04,0.03,0.24,0.1,-0.02,-0.18,0,0.5,-0.04,-0.01,0.46,
Grand Island,NE,3.4,2.06,0.3,(D),(D),0.39,0.29,(D),0.16,0.43,0.15,0.01,(D),0.04,
Grand Junction,CO,-0.9,-1.23,-0.01,0.04,-0.01,0.18,-0.37,-0.07,0.39,-0.23,0.27,0.09,-0.18,0.27,
Grand Rapids-Wyoming,MI,3.9,0.33,0.22,(D),(D),0.4,-0.13,0.14,1.02,0.06,0.42,0.13,0.02,-0.24,
Grants Pass,OR,-0.1,0.06,0.05,-0.56,0.25,0.11,-0.36,-0.1,0.55,-0.15,-0.11,0.05,0.15,0,
Great Falls,MT,-1.2,0.52,-0.63,0.1,0.44,-0.05,-0.21,0.11,-0.39,-0.59,0.2,0.05,-0.01,-0.76,
Greeley,CO,10.1,(D),1.33,-0.45,0.45,0.87,(D),-0.1,0.93,0.82,-0.27,0.1,0.14,0.27,
Green Bay,WI,2.1,0.55,0.15,0.02,-0.02,(D),0.91,(D),0.21,-0.11,-0.03,0.24,(D),-0.12,
Greensboro-High Point,NC,1.6,0.01,0.09,0.24,0.27,0.46,-0.13,-0.15,0.58,0,0.22,-0.02,0.01,-0.02,
Greenville,NC,-0.8,0.2,-0.11,-1.57,-0.65,0.14,-0.04,-0.17,0.71,0.69,0.17,0.02,-0.25,0.06,
Greenville-Anderson-Mauldin,SC,1.4,0.01,-0.22,0.69,-0.01,0.25,-0.24,-0.01,0.77,-0.02,-0.23,0.01,0.29,0.15,
Gulfport-Biloxi-Pascagoula,MS,4,0,1.52,(D),(D),0.25,-0.28,0.09,1.08,-0.11,0.18,0.24,0.05,-0.65,
Hagerstown-Martinsburg,MD-WV,-0.1,(D),(D),-0.22,-0.91,0.18,0.14,0.02,0.43,0.28,0.23,-0.05,0,-0.19,
Hammond,LA,2,-0.2,-1.29,-0.33,2.65,0.36,0.16,0.12,-0.14,-0.24,0.98,0.04,0.56,-0.67,
Hanford-Corcoran,CA,3.8,3.91,0.06,(D),(D),0.35,0.35,0.06,-0.62,-0.02,0.09,0.04,-0.42,-0.7,
Harrisburg-Carlisle,PA,1.3,0.14,0.02,0.06,-0.49,-0.13,0.15,0.08,0.07,1.09,0.34,0.04,-0.04,0.02,
Harrisonburg,VA,0,0.49,-0.14,-0.14,-0.11,0.01,-0.15,0.03,0.04,-0.07,0,-0.05,-0.05,0.09,
Hartford-West Hartford-East Hartford,CT,1.1,(D),0.13,(D),(D),(D),0.13,0.13,0.17,0.31,0.19,0.03,-0.01,-0.02,
Hattiesburg,MS,1,-0.23,0.08,-0.03,-0.09,0.47,0.62,0.04,0.07,-0.11,0.05,0.2,0.12,-0.21,
Hickory-Lenoir-Morganton,NC,0.8,(D),0.14,0.77,-0.27,0.44,0.21,0,-0.82,-0.03,(D),0.02,-0.01,0.01,
Hilton Head Island-Bluffton-Beaufort,SC,0.5,-0.16,0.39,-0.1,0.02,0.51,0.04,0.05,0.46,-0.15,-0.15,0.15,-0.14,-0.4,
Hinesville,GA,-4.2,(D),-0.02,0,0.35,-0.05,0.45,(D),-0.16,-0.12,0.1,-0.05,-0.57,-4.12,
Homosassa Springs,FL,-0.5,0.04,-0.58,(D),(D),0.5,0.42,-0.09,0.52,-1.61,0.21,0.4,-0.18,-0.07,
Hot Springs,AR,2,0.39,-0.09,0.4,1.02,0.13,-0.03,0.06,0.33,-0.16,0.17,-0.07,-0.04,-0.16,
Houma-Thibodaux,LA,6.8,1.37,0.02,-0.05,1.13,0.35,2.33,0.04,0.51,1.11,-0.12,0.25,0.05,-0.25,
Houston-The Woodlands-Sugar Land,TX,5.2,(D),0.27,(D),(D),(D),(D),-0.02,0.22,0.63,0.22,0.08,-0.02,0.02,
Huntington-Ashland,WV-KY-OH,4.2,1.87,-0.32,(D),(D),(D),(D),-0.12,1.43,(D),-0.04,(D),-0.09,-0.13,
Huntsville,AL,0.6,0.17,0,0.54,0,0.31,0.04,-0.04,0.26,-0.01,0.21,-0.01,-0.06,-0.79,
Idaho Falls,ID,1.6,(D),-0.17,-0.02,0.42,0.36,(D),-0.1,-0.51,-0.08,0.33,0.11,-0.03,0,
Indianapolis-Carmel-Anderson,IN,3.4,0.02,(D),(D),(D),(D),(D),0.13,0.35,0.57,0.25,0.07,0.01,-0.15,
Iowa City,IA,2.3,0.61,0.08,-0.04,0.18,0.33,-0.01,0.29,0.28,-0.11,0.35,0.01,0.04,0.25,
Ithaca,NY,0.1,0.38,0.04,0.23,0.2,0.02,0.34,0.09,0.41,0.17,-1.68,-0.01,0.01,-0.15,
Jackson,MI,4.1,0.08,-0.3,1.69,0.12,0.87,1.19,-0.01,0.82,-0.13,0.24,0.05,-0.17,-0.34,
Jackson,MS,0.4,-0.82,0.2,(D),(D),0.41,-0.05,0.15,-0.2,0.67,0,0.04,0.01,-0.18,
Jackson,TN,0.9,(D),-0.44,(D),(D),-0.16,(D),(D),-0.13,0.51,-0.17,-0.02,(D),-0.15,
Jacksonville,FL,1.5,(D),0.26,0.06,-0.06,0.34,(D),-0.05,0.37,0.13,0.3,0.35,-0.07,-0.3,
Jacksonville,NC,-2.5,0.12,-0.08,0.33,0.05,0.09,-0.03,0,0.04,-0.34,0.27,0.04,0.03,-3,
Janesville-Beloit,WI,6,0.53,0.68,-0.84,0.22,0.18,0.46,0.57,0.69,2.61,1.06,0.03,-0.04,-0.16,
Jefferson City,MO,3.1,(D),-0.14,(D),(D),(D),1.76,1.22,-0.41,0.09,-0.23,0.05,0.03,-0.02,
Johnson  City,TN,-2.1,(D),-0.1,-0.62,0,(D),-0.05,-0.08,0.6,-0.53,-0.28,0.24,-0.08,-0.3,
Johnstown,PA,-2,-0.85,-0.09,0.06,-0.31,-0.01,-0.23,-0.04,0.25,-0.64,0.18,-0.13,-0.17,0.02,
Jonesboro,AR,0.6,(D),-0.09,-0.2,0.28,0.6,0.16,0.03,0.08,(D),0.93,0.07,0.05,-0.13,
Joplin,MO,0.2,-0.2,0.11,0.21,0.5,(D),(D),-0.41,-0.23,0.08,0.19,-0.05,-0.06,-0.03,
Kahului-Wailuku-Lahaina,HI,-0.6,(D),-0.26,-0.03,0.03,-0.05,-0.05,0.01,-0.61,-0.14,(D),-0.1,-0.1,0.18,
Kalamazoo-Portage,MI,2.4,0.31,-0.03,0.84,0.04,0.38,-0.04,-0.19,0.72,0.15,0.55,0.06,-0.02,-0.34,
Kankakee,IL,2.3,0.35,0.07,0.74,1.28,0.1,0.15,0.2,-0.19,-0.32,0.06,-0.13,0.01,-0.03,
Kansas City,MO-KS,1.4,0.04,-0.02,(D),(D),(D),0.03,0.21,0.04,0.49,(D),0.14,0.02,-0.13,
Kennewick-Richland,WA,1.4,1.87,-0.04,-0.08,0.43,0.41,0.04,-0.03,0.48,-1.84,0.46,0.05,-0.31,-0.01,
Killeen-Temple,TX,-0.4,0.12,0.86,(D),(D),-0.04,-0.34,-0.23,-0.03,-0.15,0.71,0.03,-0.18,-1.46,
Kingsport-Bristol-Bristol,TN-VA,-1.2,(D),-0.34,(D),(D),(D),0.12,0.5,-0.2,-0.4,-0.08,-0.08,-0.06,-0.05,
Kingston,NY,0.6,0.14,-0.11,-0.03,-0.13,0.18,-0.04,-0.34,0.6,0.03,0.41,0.79,-0.59,-0.28,
Knoxville,TN,0.6,(D),0.04,(D),(D),(D),0.16,(D),(D),0.14,0.06,-0.01,-0.15,-0.16,
Kokomo,IN,3.3,-0.09,0.02,1.2,0.07,0.13,0.17,0,-0.32,0.27,1.94,0.06,-0.07,-0.13,
La Crosse-Onalaska,WI-MN,2.3,0.18,0.03,-0.08,0.48,0.96,-0.01,-0.06,0.23,0.26,0.41,-0.01,0.06,-0.14,
Lafayette,LA,-4.8,(D),-0.28,0.56,0.55,0.03,(D),0.04,0.02,0.37,-0.07,0.09,-0.02,-0.21,
Lafayette-West Lafayette,IN,-1.4,(D),0,-1.17,-0.71,0.15,-0.01,0.02,0.12,0.2,0.02,0,-0.04,-0.23,
Lake Charles,LA,7.9,-0.78,0.84,0.01,(D),-0.15,0.11,0.06,0.19,0.22,-0.25,0,-0.06,-0.23,
LakeHavasu City-Kingman,AZ,-0.7,(D),0.9,-0.25,0.21,0.25,-0.19,-0.09,-1.78,(D),0.05,0.47,-0.05,-0.11,
Lakeland-WinterHaven,FL,3.3,0.04,0.25,0.33,0.45,0.92,0.17,-0.06,1.07,0.25,0.16,-0.15,-0.04,-0.06,
Lancaster,PA,1.8,0.41,-0.05,-0.17,0.06,-0.31,0.12,0.12,1.02,0.29,0.24,0.02,0.01,0.03,
Lansing-East Lansing,MI,2.4,0.3,0.11,1.05,0.2,0.12,0.18,0.27,0.55,0.15,0.1,-0.04,-0.06,-0.57,
Laredo,TX,3.3,2.27,0.08,-0.05,-0.04,0.65,-0.39,0.08,0.37,0.03,0.15,0.14,0.07,-0.06,
Las Cruces,NM,0.8,0.31,-0.15,-0.06,-0.03,0.59,-0.45,0.05,-0.03,0.52,-0.01,0.03,0.04,0.02,
Las Vegas-Henderson-Paradise,NV,2.4,-0.03,0.21,0.07,-0.02,0.24,0.07,0.05,1.07,0.48,0.21,0.2,-0.02,-0.11,
Lawrence,KS,0.4,0,-0.43,0.24,1.01,(D),(D),0.11,-0.41,0.05,-0.16,-0.13,-0.07,-0.07,
Lawton,OK,1.7,(D),-0.22,0,0.35,0.45,0.2,-0.02,1.59,0.31,0.01,0.03,-0.07,-0.86,
Lebanon,PA,-1.4,0.75,-0.1,0.15,-0.75,(D),(D),0.13,0.37,0.02,-0.02,0.06,0.05,-0.09,
Lewiston,ID-WA,1.6,(D),0.17,(D),(D),0.15,-0.08,0.08,0.48,(D),0.79,-0.02,-0.54,0.09,
Lewiston-Auburn,ME,0.1,0.08,0.52,-0.25,-0.72,-0.12,0.51,-0.12,0.66,-0.39,-0.1,0.13,-0.02,-0.1,
Lexington-Fayette,KY,2.4,0.29,0.05,(D),(D),-0.02,(D),-0.02,0.77,0.63,0.07,0.01,-0.01,-0.08,
Lima,OH,7.9,0.22,0,-0.33,8.51,-0.54,0.09,-0.07,0.11,0.2,-0.35,0.08,0.02,-0.1,
Lincoln,NE,2.6,0.01,0.1,0.09,0.06,0.28,0.22,0.45,0.53,0.36,0.21,0.17,0.03,0.08,
Little Rock-North Little Rock-Conway,AR,0.7,0.64,-0.17,(D),(D),0.15,0.18,(D),-0.22,-0.11,0.01,0.04,-0.07,-0.28,
Logan,UT-ID,4.8,0.8,0.2,-0.19,0.84,0.05,-0.06,0.23,1.14,0.53,1.08,0.08,-0.16,0.26,
Longview,TX,-0.1,-1.52,0.23,-0.04,0.14,0.86,0.01,0.44,0.09,0.15,-0.36,0,-0.09,0.02,
Longview,WA,2.5,0.62,-0.93,0.18,1.52,0.28,-0.01,-0.01,0.7,0.32,0.06,-0.09,-0.2,0.01,
Los Angeles-Long,CA,1.2,-0.46,0.05,-0.02,0.21,0.1,0.06,0.78,0.4,0.07,0.06,0.04,-0.05,-0.05,
Louisville/Jefferson County,KY-IN,-0.1,(D),-0.03,0.35,0.02,0.32,(D),(D),-0.73,0.03,(D),0.06,(D),-0.08,
Lubbock,TX,5.1,2.61,(D),(D),0.02,1.1,(D),0.24,0.37,-0.29,(D),0.12,-0.04,0.11,
Lynchburg,VA,-0.4,(D),-0.11,-0.27,-0.11,-0.01,(D),(D),0.37,(D),-0.07,-0.04,-0.05,0.06,
Macon,GA,2.6,-0.32,0.13,(D),-0.37,(D),(D),(D),1.19,1.2,0.33,(D),-0.11,-0.27,
Madera,CA,8,5.12,0.41,-0.28,0.91,0.28,0.6,0.19,0.82,0.15,0.14,0.04,-0.29,-0.05,
Madison,WI,3.3,0.38,0.36,(D),(D),0.17,0.09,0.61,0.04,0.47,1.12,0.06,-0.05,-0.19,
Manchester-Nashua,NH,0.8,-0.03,0.17,-0.07,-0.01,0.13,-0.06,-0.05,0.23,0.23,0.25,0.09,0.07,-0.18,
Manhattan,KS,-1.5,-0.05,-1.59,-0.55,0.08,0.45,-0.02,0.07,-0.03,0.36,-0.03,-0.06,-0.02,-0.1,
Mankato-North Mankato,MN,0.8,1.32,0.12,0.03,0.49,(D),(D),-0.04,0.14,0.13,0.37,0.08,0.09,0,
Mansfield,OH,0.3,0,-0.43,0.49,0.37,0.26,-0.16,-0.09,0.26,0.19,-0.26,-0.07,-0.09,-0.21,
McAllen-Edinburg-Mission,TX,3,0.37,0.07,0.13,0.11,1.03,0.22,0.05,0.31,0.15,0.42,0.09,-0.05,0.07,
Medford,OR,3.8,0.34,0.39,0.7,0.23,0.41,0.06,-0.33,0.68,0.34,0.74,0.17,0.11,-0.05,
Memphis,TN-MS-AR,-0.1,0.07,-0.11,-0.17,0.34,(D),(D),(D),-0.44,0.14,0.22,(D),(D),-0.17,
Merced,CA,4.5,4.59,-0.08,0.36,0.71,-0.13,-0.29,0.04,-0.32,-0.22,0.35,0.06,-0.48,-0.08,
Miami-Fort Lauderdale-West Palm Beach,FL,2.4,0.09,0.11,0.01,0.05,0.38,0.25,0.2,0.74,0.17,0.27,0.19,0.06,-0.1,
Michigan City-La Porte,IN,2.4,0.36,-0.18,-0.31,1.38,0.33,0.14,-0.02,0.45,-0.09,0.42,0.06,-0.03,-0.16,
Midland,MI,0,0.62,0.01,-0.5,0.97,0.08,-1.71,-0.22,0.32,-0.01,0.63,0.04,0.04,-0.29,
Midland,TX,6.5,2.9,(D),0.11,1.46,0.71,0.63,-0.03,0.44,0.11,0.01,0.09,0.04,0.01,
Milwaukee-Waukesha-West Allis,WI,0.5,0.07,0.11,-0.16,0,0.2,-0.04,0.01,0.15,0.19,0.14,0.01,-0.03,-0.12,
Minneapolis-St. Paul-Bloomington,MN-WI,2.5,(D),0.22,-0.01,0.57,(D),0.09,0.02,0.6,0.32,0.14,0.05,-0.02,-0.02,
Missoula,MT,-3.6,-0.02,-0.19,0.05,0.09,0.17,-0.33,0.19,-3.5,-0.61,0.47,0.3,-0.03,-0.17,
Mobile,AL,2.9,1.85,-0.28,1.11,0.39,0.38,0.23,-0.03,-0.7,0.17,-0.08,0,0.03,-0.17,
Modesto,CA,3.2,2.62,0.21,-0.13,0.25,(D),(D),0.09,-0.13,0.25,0.01,0.04,-0.24,-0.04,
Monroe,LA,1.7,-0.11,-0.08,0.09,1.28,0.94,-0.13,0.12,-0.41,0.47,(D),0.06,-0.12,-0.42,
Monroe,MI,5.5,-0.24,-0.33,2.15,0.26,(D),(D),0.04,0.19,1.19,0.38,-0.09,-0.17,-0.29,
Montgomery,AL,0.3,-0.05,-0.02,(D),(D),0.13,0.06,0.03,0.77,-0.17,0.03,0.03,-0.02,-0.45,
Morgantown,WV,4.3,1.69,-0.27,(D),(D),0.22,0.01,-0.06,0.58,0.52,0.43,0.04,0.03,-0.1,
Morristown,TN,-0.2,(D),0.05,-1.27,0.34,-0.15,(D),0.06,0,0.03,-0.15,0.08,0.03,-0.11,
Mount Vernon-Anacortes ,WA,10.6,0.58,0.03,0.18,8.09,0.39,0.2,-0.04,0.64,0.37,0.07,0.08,-0.02,0.03,
Muncie,IN,0.8,0.18,-0.23,0.16,0,-0.05,0.76,-0.01,-0.51,0.77,0.04,-0.01,-0.04,-0.25,
Muskegon,MI,2.5,0.16,-0.14,1.56,0.24,0.14,0.18,0.08,-0.06,0.39,0.27,-0.01,0.05,-0.35,
Myrtle Beach-Conway-North Myrtle Beach,SC-NC,1.5,0.04,0.24,-0.01,0.04,0.19,0.41,-0.06,0.53,0.28,-0.28,0.07,-0.01,0.09,
Napa,CA,4.5,(D),0.79,(D),(D),1.06,(D),0.18,0.41,0.45,-0.11,0.56,0.02,-0.03,
Naples-Immokalee-Marco Island,FL,7,0.76,0.68,0.19,0,0.79,-0.04,0.12,2.33,1.62,0.1,0.24,0.22,-0.05,
Nashville-Davidson--Murfreesboro--Franklin,TN,1.9,0.02,(D),0.03,0.07,(D),0.25,0.02,1,0.38,0.39,-0.06,-0.09,-0.12,
New Bern,NC,-0.2,1.65,-0.22,(D),(D),0.26,-0.08,-0.11,(D),0.06,0.28,-0.04,(D),-1.14,
New Haven-Milford,CT,1.5,0.02,0.06,0.18,-0.03,0.05,0.4,-0.07,0.74,0.16,0.14,-0.01,-0.04,-0.04,
New Orleans-Metairie,LA,1,-3.21,-0.15,-0.07,4.06,0.48,(D),-0.48,0.43,(D),-0.3,0.04,0.03,-0.37,
New York-Newark-Jersey City,NY-NJ-PA,1,(D),0.08,0,0.03,(D),-0.03,0.2,0.01,(D),0.2,(D),0,-0.12,
Niles-Benton Harbor,MI,4.5,0.14,0.14,3.37,0.05,0.14,0.88,-0.03,-0.19,0.17,0.22,0.12,-0.17,-0.31,
North Port-Sarasota-Bradenton,FL,4.4,0.46,0.36,-0.01,0.12,0.95,0.18,-0.03,1.24,0.56,0.47,0.21,0,-0.06,
Norwich-New London,CT,-0.3,0.12,-0.15,(D),(D),-0.11,0.12,-0.19,0.37,-0.33,0.14,-0.06,0,-0.27,
Ocala,FL,2.3,0.05,0.32,0.18,0.03,0.96,-0.02,-1.11,0.48,1.02,0.5,0.07,-0.07,-0.1,
Ocean City,NJ,0.7,(D),0.3,(D),(D),0.25,0.05,0.01,-0.16,(D),0.11,-0.07,-0.16,-0.29,
Odessa,TX,5.1,(D),-0.7,-0.36,0.56,2.27,-0.02,-0.13,1.4,0.01,(D),0.14,0.32,0.05,
Ogden-Clearfield,UT,4.5,0.31,0.15,(D),(D),0.17,0.01,-0.08,1.6,0.57,0.26,0.09,0.07,-0.11,
Oklahoma City,OK,3.9,(D),0.04,(D),(D),(D),0.16,-0.29,-0.04,0.26,0.07,0.12,0.03,0.03,
Olympia-Tumwater,WA,2.8,0.14,0.63,0.01,0.05,0.6,0.17,0.02,0.06,0.46,0.42,0.08,0.04,0.09,
Omaha-Council Bluffs,NE-IA,1.8,0.08,0.3,(D),(D),(D),-0.44,0,0.78,0.79,0.03,-0.05,0,-0.05,
Orlando-Kissimmee-Sanford,FL,1.9,0.16,0.28,0.06,0.05,0.52,-0.07,0.07,0.32,0.27,0.2,0.1,0.03,-0.08,
Oshkosh-Neenah,WI,0.1,0.06,1,-2.22,-0.94,0.11,-0.01,-0.1,0.45,2.06,-0.14,0.08,-0.16,-0.15,
Owensboro,KY,4.7,1.69,0.12,(D),(D),(D),(D),0.01,0.88,0.24,-0.19,-0.13,(D),-0.02,
Oxnard-Thousand Oaks-Ventura,CA,0.9,-0.91,-0.02,(D),(D),-0.16,0.12,0.27,1.34,0.17,0.04,-0.03,0.15,-0.16,
Palm Bay-Melbourne-Titusville,FL,0.1,0,0.17,0.01,0.07,0.69,-0.09,-0.09,0.47,-0.99,0.33,-0.08,-0.07,-0.29,
Panama City,FL,3,0.02,-0.11,(D),(D),0.96,0.07,-0.17,2.33,-0.37,0.77,-0.35,-0.12,-0.54,
Parkersburg-Vienna,WV,-0.9,(D),-0.6,-0.25,-0.28,0.27,0.23,-0.13,0.18,(D),-0.25,-0.06,(D),-0.27,
Pensacola-Ferry Pass-Brent,FL,0.1,0.39,-0.45,(D),(D),0.39,0.02,0.07,1.01,-0.37,-0.26,0.24,-0.12,-0.8,
Peoria,IL,-6.8,-0.03,-0.37,(D),(D),0.09,-0.61,-0.08,0.1,-0.94,0.03,0.05,-0.12,-0.04,
Philadelphia-Camden-Wilmington,PA-NJ-DE-MD,0.4,0.05,0.01,-0.07,-0.24,0.09,(D),0.03,0.3,(D),0.02,0.06,-0.01,-0.04,
Phoenix-Mesa-Scottsdale,AZ,1.2,0.03,0.06,-0.11,0.08,-0.41,-0.01,0.22,0.51,0.6,0.19,0.11,0.02,-0.09,
Pine Bluff,AR,-3.3,0.49,-1.66,(D),(D),(D),0.27,(D),-0.13,(D),0.1,(D),(D),-0.39,
Pittsburgh,PA,1.8,1.56,-0.16,0.06,0.16,-0.13,-0.1,0.02,-0.2,(D),(D),0.06,-0.02,0.01,
Pittsfield,MA,-1,0.03,-0.06,-0.07,-0.67,0.15,-0.05,-0.18,-0.49,0.04,0.12,0.22,-0.19,0.15,
Pocatello,ID,-0.1,(D),-0.22,-1.06,-0.18,0.29,-0.15,(D),0.51,0.01,0.38,0.04,-0.09,0.1,
Portland-South Portland,ME,0.7,-0.03,-0.03,(D),-0.06,0.27,-0.2,-0.02,0.41,0.14,0.22,0.09,0.04,-0.29,
Portland-Vancouver-Hillsboro,OR-WA,2.7,0.21,0.08,1.38,0.07,-1.2,(D),(D),0.24,1.72,0.2,0.05,-0.04,-0.02,
Port St. Lucie,FL,1.2,0.16,0.16,0.24,0.14,-0.54,0.09,-0.93,0.77,0.16,0.41,0.57,0.01,-0.08,
Prescott,AZ,2.2,-0.41,-0.02,0.62,0.16,0.34,-0.02,-0.11,0.87,0,0.66,0.25,0,-0.19,
Providence-Warwick,RI-MA,1.3,(D),(D),(D),(D),0.07,-0.02,-0.22,0.41,0.54,0.23,0.11,-0.08,0.02,
Provo-Orem,UT,6.4,0.17,0.58,0.8,2.16,1.58,-0.06,0.41,-0.48,0.72,0.19,0.07,0.09,0.14,
Pueblo,CO,0.4,0.11,-0.95,0.51,-0.12,0.08,-0.28,0.09,0.76,-0.2,0.1,-0.03,-0.12,0.47,
Punta Gorda,FL,4.1,(D),0.65,-0.07,0.01,0.83,(D),-0.27,0.48,1.02,0.72,-0.16,0.12,-0.09,
Racine,WI,-1.6,0.15,0.11,-0.57,-0.8,-0.03,-0.07,0.02,0.23,-0.05,-0.39,0.02,-0.12,-0.13,
Raleigh,NC,4.1,0.09,-0.02,2.34,0.29,0.41,-0.32,0.3,0.05,0.65,0.2,0.15,0.01,0,
Rapid City,SD,1,0.15,-0.13,0.17,0.04,0.41,-0.08,0,0.41,0.07,0.3,0.15,-0.11,-0.39,
Reading,PA,1.7,0.3,-0.09,0.38,0.29,0.38,0.23,-0.02,0.53,-0.36,0.02,0,-0.03,0.06,
Redding,CA,0.2,-0.23,-0.01,-0.18,0.03,0.54,-0.72,0.23,0.29,0.66,0.11,-0.05,-0.29,-0.15,
Reno,NV,1.1,-0.97,(D),0.17,0.32,0.39,0.19,-0.11,0.75,0.05,0.17,0.12,-0.1,-0.06,
Richmond,VA,2.5,(D),0.04,(D),(D),0.48,(D),(D),1.65,(D),0.31,0.11,(D),-0.06,
Riverside-San Bernardino-Ontario,CA,2.8,-0.12,0.27,-0.18,0.1,0.82,0.43,0.21,1.02,0.19,0.35,-0.02,-0.12,-0.18,
Roanoke,VA,1.6,(D),(D),-0.2,(D),(D),(D),0.07,1.11,0.25,0.5,0.05,0,-0.03,
Rochester,MN,2.2,0.34,0.15,(D),(D),0.25,0.02,-0.01,0.34,0.08,0.94,0.05,0.01,-0.02,
Rochester,NY,1.1,(D),-0.14,0.04,0.11,-0.17,(D),0.23,0.37,0.54,0,-0.01,-0.02,-0.15,
Rockford,IL,0.8,0.01,-0.04,(D),(D),(D),(D),-0.01,-0.34,0.04,0.28,-0.03,-0.02,-0.03,
Rocky Mount,NC,0.2,0.5,-0.29,-0.06,1.94,0.13,0.23,0.29,-0.95,-1.71,0.17,0,-0.05,0.01,
Rome,GA,1.3,0.02,0.16,0.02,0.37,2.23,-0.08,-0.31,0.35,-0.3,-0.63,-0.15,-0.1,-0.23,
Sacramento--Roseville--Arden-Arcade,CA,2.7,(D),0.27,-0.13,-0.19,(D),0.23,0.14,1.73,0.14,(D),0.16,0,-0.1,
Saginaw,MI,2.4,0.77,-0.43,0.72,0.06,0.25,0.48,0.17,0.67,-0.23,0.5,-0.09,-0.06,-0.38,
St. Cloud,MN,2.5,0.84,-0.31,0.1,-0.84,0.66,-0.15,0.09,0.9,0.51,0.7,0.03,0.02,-0.05,
St. George,UT,5.9,(D),0.99,0.04,0.11,0.8,0.22,-0.03,2.43,(D),0.64,0.27,0.07,0.14,
St. Joseph,MO-KS,0,-0.14,-0.3,0.03,0.79,-0.16,0.16,-0.98,0.22,0.33,0.15,0.1,-0.17,-0.04,
St. Louis,MO-IL,0.1,(D),-0.01,0.34,-0.01,(D),0.02,(D),-0.29,0.33,0.11,0.03,0.02,-0.1,
Salem,OR,2.8,(D),0.33,0.08,0.04,(D),0.08,-0.06,-0.03,0.32,0.65,0.13,-0.03,0.09,
Salinas,CA,2,0.95,0.11,-0.02,-0.04,0.16,0.23,0.26,0.63,-0.08,0.05,0.11,-0.03,-0.36,
Salisbury,MD-DE,2,(D),0.26,(D),(D),0.41,(D),-0.09,-0.23,0.38,0.08,0.07,-0.04,0.04,
Salt Lake City,UT,2.5,-0.16,-0.2,0.26,0.32,(D),(D),(D),0.73,0.45,0.29,0.09,(D),0.12,
San Angelo,TX,3.4,(D),-0.01,(D),1.35,0.75,0.12,(D),(D),0.41,(D),0.23,0.14,-0.3,
San Antonio-New Braunfels,TX,2.8,0.9,0.09,0.07,-0.02,(D),(D),0.08,0.28,0.23,0.23,0.13,-0.04,-0.22,
San Diego-Carlsbad,CA,1.7,0.06,0.04,0.02,-0.41,0.07,-0.02,0.3,1,0.99,0.05,0.11,-0.06,-0.43,
San Francisco-Oakland-Hayward,CA,2,-0.4,0.18,(D),(D),0.19,0.22,0.84,0.1,-0.68,0.1,0.16,0.11,-0.06,
San Jose-Sunnyvale-Santa Clara,CA,4.4,(D),0.08,(D),(D),(D),(D),2.31,-0.17,(D),0.19,0.16,-0.02,-0.04,
San Luis Obispo-Paso Robles-Arroyo Grande,CA,3.8,0.45,0.06,-0.08,0.85,0.14,0.95,0.62,0.05,0.33,0.13,0.09,0.23,-0.05,
Santa Cruz-Watsonville,CA,4.5,(D),0.28,-0.01,0.75,0,(D),0.13,1.3,0.58,0.07,0.19,0.15,-0.05,
Santa Fe,NM,3.2,0.13,0.21,0.06,0.01,-0.13,-0.01,1.17,1.97,-0.21,-0.02,-0.03,0.06,-0.04,
Santa Maria-Santa Barbara,CA,1.9,-0.11,-0.02,0,0.26,0.14,0.03,0.33,1.83,-0.73,-0.07,0.22,0.21,-0.17,
Santa Rosa,CA,0.6,0.08,0.39,0.32,0.1,0.41,0.22,0.33,-1.97,0.59,0.11,0.13,-0.04,-0.06,
Savannah,GA,1.4,(D),0.02,(D),(D),0.88,(D),-0.08,0.12,0.29,0.16,0.13,0.5,-0.59,
Scranton--Wilkes-Barre--Hazleton,PA,0.1,-0.12,-0.1,(D),(D),0.38,0.34,-0.86,0.18,0.3,-0.31,0.09,-0.08,0.02,
Seattle-Tacoma-Bellevue,WA,2.4,-0.01,0.15,0.67,0.08,0.65,-0.01,-0.19,0.55,0.27,0.14,0.14,0.11,-0.11,
Sebastian-Vero Beach,FL,-1.1,-0.22,0.23,0.11,0.05,-0.82,-0.15,-0.09,-0.23,-0.57,0.17,0.35,0.15,-0.07,
Sebring,FL,-0.2,0.49,0.07,-0.07,-0.05,-0.31,-0.16,0.02,-0.4,-0.11,0.47,0.08,-0.16,-0.09,
Sheboygan,WI,3.4,0.44,0.15,1.24,0.89,0.14,0.12,0.02,0.22,0.27,0.11,-0.01,-0.1,-0.09,
Sherman-Denison,TX,4.7,-0.53,1.62,1.26,0.29,0.79,-0.15,0.03,0.27,0.56,0.35,-0.04,0.16,0.05,
Shreveport-Bossier City,LA,-5.4,(D),-0.23,-0.4,1.37,0.25,-0.39,-0.05,-0.01,-0.03,-0.33,0.08,-0.1,-0.6,
Sierra Vista-Douglas,AZ,-1.3,(D),-0.42,(D),(D),0.12,-0.1,-0.04,(D),-0.12,-0.6,-0.04,-0.05,-1.47,
Sioux City,IA-NE-SD,4.6,(D),0.8,0.22,(D),0.4,0.4,-0.04,0.32,-0.16,0.13,(D),0,0.04,
Sioux Falls,SD,2.5,(D),0.18,0.17,-0.17,0.22,(D),-0.15,1.26,-0.01,0.55,0.05,0.04,-0.04,
South Bend-Mishawaka,IN-MI,-2.7,0.28,0.02,-1.32,-2.28,-0.17,0.04,0.14,-0.16,0.48,0.43,-0.02,-0.04,-0.14,
Spartanburg,SC,0.5,0,-0.11,-1.96,0.36,0.79,1.16,0.26,0.14,-0.11,-0.45,0.15,0.05,0.18,
Spokane-Spokane Valley,WA,1.7,0.12,0.03,(D),(D),-0.15,0.67,0,0.66,0.48,0.19,0.06,-0.19,-0.11,
Springfield,IL,-0.8,(D),0.15,(D),(D),-0.27,0.09,-0.03,0.16,-0.43,(D),0.04,-0.07,-0.08,
Springfield,MA,0.6,0.02,-0.28,0.05,-0.12,0.16,-0.01,-0.14,0.77,0.02,0.55,0.05,-0.69,0.24,
Springfield,MO,0.1,(D),-0.2,(D),(D),0.55,(D),-0.01,-1.37,0.43,0.2,0,0.06,-0.06,
Springfield,OH,0.1,(D),0.19,-1.48,0.3,-1.01,0.14,-0.06,1.22,0.68,-0.12,0.06,0.13,-0.18,
State College,PA,2.6,-1.04,-0.04,-0.08,-0.1,0.2,-0.1,0.07,3.02,0.08,0.28,0.11,-0.07,0.3,
Staunton-Waynesboro,VA,0.3,(D),(D),-0.17,0.18,0.01,0.06,0.07,0.11,-0.02,0.01,-0.03,-0.06,0.09,
Stockton-Lodi,CA,1.9,1.1,0.27,-0.02,-0.04,0.69,0.31,0,-0.48,0.15,-0.04,0.08,-0.03,-0.1,
Sumter,SC,-2.5,-0.4,-0.27,-0.5,0.71,-0.08,-0.36,-0.08,-0.03,-0.57,-0.39,0.04,0.05,-0.67,
Syracuse,NY,-0.5,0.25,-0.13,-0.69,0.07,0.2,0.21,0.14,-0.37,-0.01,0.12,0.01,-0.08,-0.19,
Tallahassee,FL,1.1,-0.24,0.08,-0.08,-0.04,0.69,(D),0.21,(D),0.08,-0.24,0.07,(D),-0.15,
Tampa-St. Petersburg-Clearwater,FL,2.3,0.12,0.09,0.1,-0.1,0.44,0.1,0.08,1.19,0.21,0.19,0.1,-0.03,-0.16,
Terre Haute,IN,-1.8,-0.53,-0.4,(D),(D),0.19,-0.04,0,0.59,0.13,0.41,-0.06,0.06,-0.22,
Texarkana,TX-AR,-2.7,0.49,-0.54,(D),(D),(D),(D),-0.57,-0.19,-0.22,0.01,-0.01,-0.13,-0.27,
The Villages,FL,8.8,0.43,2.36,0.39,0.2,(D),(D),0.12,2.57,0.76,1.73,-1.56,0.35,-0.44,
Toledo,OH,2.3,0.22,-0.63,0.32,2.96,0.03,-0.16,0.03,-0.5,-0.01,0.2,0.01,0,-0.13,
Topeka,KS,-1,(D),0.13,-0.03,-0.18,-0.6,(D),(D),(D),-0.01,-0.05,0,-0.03,-0.16,
Trenton,NJ,2.1,0.01,-0.05,-0.23,0.79,0.2,0.03,-0.37,0.33,1.49,0.12,0.06,-0.07,-0.19,
Tucson,AZ,0.3,-0.03,0.21,0.12,0.03,0.48,-0.31,0.03,0.33,0.07,-0.15,-0.11,-0.01,-0.33,
Tulsa,OK,3.5,(D),0.46,0.1,0.89,0.2,(D),0.28,-1.48,0.2,0.36,0.01,(D),0.09,
Tuscaloosa,AL,0.3,-2.03,-0.21,-0.77,2.2,0.04,0.22,0.08,0.71,0.1,0.1,0.05,0.02,-0.17,
Tyler,TX,1.9,0.84,0.2,-0.57,0.46,0.63,0.2,-0.57,0.45,-0.07,0.41,0,-0.06,0.03,
Urban Honolulu,HI,2,0.05,0.03,0,0.27,0.21,0.42,0.06,0.68,0.09,0.09,0.37,-0.02,-0.28,
Utica-Rome,NY,0.7,0.22,-0.15,0.22,0.09,(D),(D),0.04,0.38,-0.03,-0.02,0.02,-0.08,-0.31,
Valdosta,GA,1,0.57,-0.44,0.01,0.2,(D),(D),(D),0.54,0.56,0.34,-0.03,-0.02,-1.05,
Vallejo-Fairfield,CA,3.8,0.5,-0.01,0.38,2.26,0.37,-0.2,0.12,0.37,-0.03,0.46,0.14,-0.14,-0.37,
Victoria,TX,5.8,0.83,0.3,(D),(D),1.74,0.61,-0.04,2.17,-0.2,0.03,0.2,-0.07,0.05,
Vineland-Bridgeton,NJ,-0.6,0.27,-0.37,-1.31,0.28,0.67,-0.04,-0.14,-0.02,0.31,0.29,-0.08,-0.15,-0.28,
Virginia Beach-Norfolk-Newport News,VA-NC,0.2,(D),-0.1,0.17,0.06,(D),0.07,0,-0.06,0.33,0.3,0.03,-0.03,-0.59,
Visalia-Porterville,CA,5.4,3.65,0.04,-0.01,0.61,0.72,0.31,0.35,0.22,-0.35,-0.22,-0.03,0.14,-0.06,
Waco,TX,1.8,(D),-0.01,(D),(D),0.42,(D),-0.04,-0.52,0.15,0.21,0.06,-0.49,-0.02,
Walla Walla,WA,1.5,1.73,-0.03,(D),(D),-0.33,0.09,-0.12,0.2,0.23,0.4,-0.08,-0.41,-0.15,
Warner Robins,GA,-0.8,0.18,-0.03,0.68,(D),(D),(D),-0.11,-0.4,0.17,0.2,0.07,-0.02,-2.05,
Washington-Arlington-Alexandria,DC-VA-MD-WV,-0.8,(D),-0.11,0,0.02,(D),-0.04,(D),(D),-0.27,0.11,0.06,-0.03,-0.41,
Waterloo-Cedar Falls,IA,2.9,0.81,-0.24,(D),(D),0.41,(D),0.09,1.33,-0.04,0.16,-0.02,0.07,0.07,
Watertown-Fort Drum,NY,-2.6,0.38,-0.67,0.07,0.08,0.12,-0.03,0.05,-0.44,0.05,0.11,-0.07,-0.27,-1.98,
Wausau,WI,2.9,0.75,0.37,-0.24,0.25,0.56,0.08,0,1.08,0.27,-0.01,0,-0.07,-0.12,
Weirton-Steubenville,WV-OH,-1.4,-0.15,0.23,(D),(D),(D),(D),-0.29,0.26,-0.15,0.1,-0.05,0,-0.09,
Wenatchee,WA,6.2,2.27,0.57,(D),(D),0.53,-0.05,0.23,1.18,0.33,0.76,0.08,-0.15,-0.03,
Wheeling,WV-OH,9,8.5,(D),(D),(D),0.47,(D),-0.01,-0.85,0.84,0.1,0.03,0.05,-0.08,
Wichita,KS,0.7,(D),-0.07,(D),(D),(D),-0.09,(D),-0.27,0.14,-0.06,0.05,(D),-0.13,
Wichita Falls,TX,5.2,1.88,-0.07,-0.14,2.98,0.01,0.05,(D),0.4,(D),0.48,-0.02,-0.06,-0.29,
Williamsport,PA,3.7,1.57,-0.97,-0.79,0.26,0.3,-0.15,-0.08,3.49,-0.06,0.04,-0.01,0.07,0.08,
Wilmington,NC,2.9,0.11,0.28,0.29,-0.39,0.46,0.11,0.15,1.34,0.18,0.15,0.1,0.11,0,
Winchester,VA-WV,-0.9,(D),-0.2,-0.15,-0.24,0.05,(D),-0.03,0.09,-0.06,0,-0.06,-0.06,-0.09,
Winston-Salem,NC,0.9,0.33,-0.14,0.61,-0.19,(D),(D),(D),(D),0.05,0.8,0,-0.03,-0.01,
Worcester,MA-CT,2.6,0.03,0.12,0.13,-0.05,0.98,0.3,0.16,0.26,-0.06,0.58,0.05,-0.11,0.17,
Yakima,WA,4.6,3.91,0.15,0.11,0.44,0.99,0.01,0,-0.14,-0.22,0.14,-0.1,-0.63,-0.01,
York-Hanover,PA,0.9,-0.01,-0.09,-0.19,0.04,0.54,-0.04,-0.09,0.54,0.36,-0.19,0.04,-0.04,-0.02,
Youngstown-Warren-Boardman,OH-PA,-2.6,0.32,-0.05,-0.63,-1.49,0.16,-0.14,-0.12,-0.45,0.16,-0.23,0.03,-0.02,-0.11,
Yuba City,CA,1.2,2.31,0.14,-0.01,0.17,(D),(D),0.16,-0.24,0.28,0.12,-0.02,-0.53,-0.56,
Yuma,AZ,-1.1,-1.73,-0.42,0.21,0.03,0.69,0.08,0.08,1.3,-0.45,-0.02,-0.07,-0.04,-0.74,
